# Dosis (Gy)	Sensibilidad (uA/Gy)
0.000000000000000000e+00 -6.183745474125596608e+00
5.950000000000000844e-01 -5.870355850556910227e+00
1.190000000000000169e+00 -5.658571295925669986e+00
1.785000000000000142e+00 -5.668558763695936698e+00
2.380000000000000338e+00 -5.601218286886647135e+00
2.975000000000000089e+00 -5.757888375667070235e+00
3.570000000000000284e+00 -5.793615127494353700e+00
4.165000000000000036e+00 -5.725731746306144565e+00
4.760000000000000675e+00 -5.790606090634222269e+00
5.355000000000000426e+00 -5.744982956778851957e+00
5.950000000000000178e+00 -5.943213845073326951e+00
6.545000000000000817e+00 -5.881688955513559414e+00
7.140000000000000568e+00 -5.892418912526767194e+00
7.735000000000000320e+00 -5.943606969299163545e+00
8.330000000000000071e+00 -5.913371926473890206e+00
8.925000000000000711e+00 -6.028214932887453692e+00
9.520000000000001350e+00 -6.001173683913619605e+00
1.011500000000000021e+01 -5.987397166751175170e+00
1.071000000000000085e+01 -6.061559899536756113e+00
1.130500000000000149e+01 -6.115321886931948114e+00
1.190000000000000036e+01 -6.103740854532979654e+00
1.249500000000000099e+01 -6.111573990974267012e+00
1.309000000000000163e+01 -6.141636883844586947e+00
1.368500000000000050e+01 -6.098087402514695832e+00
1.428000000000000114e+01 -6.184548048299885359e+00
1.487500000000000178e+01 -6.226485005596496869e+00
1.547000000000000064e+01 -6.209794715600766679e+00
1.606500000000000128e+01 -6.240524071558424701e+00
1.666000000000000014e+01 -6.285195951635264677e+00
1.725500000000000256e+01 -6.212374244663472211e+00
1.785000000000000142e+01 -6.262044740251011099e+00
1.844500000000000028e+01 -6.366919097224503332e+00
1.904000000000000270e+01 -6.261300257092853094e+00
1.963500000000000156e+01 -6.407656804562213537e+00
2.023000000000000043e+01 -6.292647891744830524e+00
2.082500000000000284e+01 -6.363998499745437520e+00
2.142000000000000171e+01 -6.386607565340242765e+00
2.201500000000000057e+01 -6.441337441387626761e+00
2.261000000000000298e+01 -6.360795773311377133e+00
2.320500000000000185e+01 -6.396183119692365082e+00
2.380000000000000071e+01 -6.425072605384188229e+00
2.439500000000000313e+01 -6.421976280023413253e+00
2.499000000000000199e+01 -6.493203871195655452e+00
2.558500000000000085e+01 -6.485725501695910999e+00
2.618000000000000327e+01 -6.524914490232956332e+00
2.677500000000000213e+01 -6.474701801164560067e+00
2.737000000000000099e+01 -6.534588369953335807e+00
2.796500000000000341e+01 -6.541078975917498539e+00
2.856000000000000227e+01 -6.605219096829801906e+00
2.915500000000000114e+01 -6.443779411751310526e+00
2.975000000000000355e+01 -6.591638105168383888e+00
3.034500000000000242e+01 -6.601836320628518884e+00
3.094000000000000128e+01 -6.626255090958705907e+00
3.153500000000000369e+01 -6.580256348724374149e+00
3.213000000000000256e+01 -6.596509368691746644e+00
3.272500000000000142e+01 -6.625814177879851385e+00
3.332000000000000028e+01 -6.642119540659411570e+00
3.391499999999999915e+01 -6.675025937228017625e+00
3.451000000000000512e+01 -6.676039332976819729e+00
3.510500000000000398e+01 -6.655108781083868941e+00
3.570000000000000284e+01 -6.701878884018405813e+00
3.629500000000000171e+01 -6.700812283684513204e+00
3.689000000000000057e+01 -6.651501015565063568e+00
3.748499999999999943e+01 -6.705820335124615283e+00
3.808000000000000540e+01 -6.683325047358515292e+00
3.867500000000000426e+01 -6.691622106042201423e+00
3.927000000000000313e+01 -6.727993697493217518e+00
3.986500000000000199e+01 -6.749548897002567216e+00
4.046000000000000085e+01 -6.739837629714240386e+00
4.105499999999999972e+01 -6.699714359380302575e+00
4.165000000000000568e+01 -6.649503944201558880e+00
4.224500000000000455e+01 -6.850390773192491345e+00
4.284000000000000341e+01 -6.701397917322378994e+00
4.343500000000000227e+01 -6.780553409882996263e+00
4.403000000000000114e+01 -6.730970923504734138e+00
4.462500000000000000e+01 -6.684562446927794888e+00
4.522000000000000597e+01 -6.778559965556414824e+00
4.581500000000000483e+01 -6.690676751566222435e+00
4.641000000000000369e+01 -6.736322442320769710e+00
4.700500000000000256e+01 -6.748741898168144182e+00
4.760000000000000142e+01 -6.736212960489106116e+00
4.819500000000000028e+01 -6.736009947709546530e+00
4.879000000000000625e+01 -6.710441892186056911e+00
4.938500000000000512e+01 -6.714876527499503922e+00
4.998000000000000398e+01 -6.732107040087964123e+00
5.057500000000000284e+01 -6.678925744660860531e+00
5.117000000000000171e+01 -6.710605827581026084e+00
5.176500000000000057e+01 -6.689021126037508758e+00
5.236000000000000654e+01 -6.707806240935820341e+00
5.295500000000000540e+01 -6.690540526642327457e+00
5.355000000000000426e+01 -6.678238027839618951e+00
5.414500000000000313e+01 -6.627779332156229053e+00
5.474000000000000199e+01 -6.617717291572941640e+00
5.533500000000000085e+01 -6.700791398889577088e+00
5.593000000000000682e+01 -6.551987941853000486e+00
5.652500000000000568e+01 -6.674372307810270577e+00
5.712000000000000455e+01 -6.573779365653181550e+00
5.771500000000000341e+01 -6.553582881278027905e+00
5.831000000000000227e+01 -6.579096927972474695e+00
